NMuestra	x	y	P	Arenas	Limos	Arcillas	Amonio	Nitrato	SOC	Fosfatasa	Glucosidasa	Potasio	ph	conductividad	x.r	y.r	N	s 	C	H	x0	y0	xrt	yrt
101	488560.8051	4457823.799	0.4306	48.22965126	43.91730601	7.853042735	18.81672201	6.869791224	1.778938971	0.748	0.97	0.02111	6.78	131.2	12.8051	5.7987	0.38	0.45	10.39	0.22	11.7772	5.159	6.253510018	10.65857075
104	488559.6347	4457822.846	0.4795	50.03774758	42.35500488	7.607247535	22.50552771	6.071589338	1.909427887	0.62	1.141	0.00938	7.13	111.2	11.6347	4.8455	0.37	0.62	10.21	0.14	10.6068	4.206	6.395661158	9.155960284
107	488558.3182	4457822.072	0.4565	49.81446506	40.24219531	9.943339629	25.76033207	5.8474706	1.842586731	1.142	1.843	0.01124	7.3	128	10.3182	4.0717	0.37	1.24	10.25	0.22	9.2903	3.432	6.307810426	7.631319179
110	488556.9884	4457821.48	0.6535	47.089254	44.27952931	8.631216696	16.79010544	8.404671733	2.198749103	0.687	0.916	0.01301	7.54	128.6	8.9884	3.4795	0.36	1.23	9.82	0.15	7.9605	2.840000001	6.06124314	6.196733311
113	488555.8003	4457820.615	0.6665	45.13657562	45.24539196	9.618032423	24.83591558	8.135798642	2.038702919	1.35	1.226	0.0193	7.66	168.4	7.8003	2.6154	0.38	1.1	10.14	0.23	6.7724	1.975000001	6.120391361	4.728296013
116	488554.5258	4457819.8	0.6381	42.22209883	44.85508051	12.92282066	20.61643544	6.188637375	2.285062525	1.391	1.283	0.00918	7.91	146.4	6.5258	1.7999	0.42	0.71	9.83	0.18	5.4979	1.16	6.089964834	3.215798252
119	488553.2509	4457819.053	0.6352	41.25731936	48.29835224	10.4443284	18.27788025	5.729910514	1.881639841	1.133	0.974	0.01085	7.31	99.5	5.2509	1.0532	0.38	0.83	11.11	0.33	4.223	0.413000001	6.002776143	1.74074668
122	488560.6659	4457823.844	0.4007	50.39265998	43.07707688	6.530263143	20.4430605	6.402685218	1.668906736	0.548	1.025	0.01187	7.87	96.8	12.6659	5.8435	0.39	0.66	10.17	0.16	11.638	5.204	6.138758509	10.56783084
125	488559.2625	4457822.967	0.5115	46.54069897	44.07056264	9.388738399	22.47386932	5.544775154	2.311258861	0.955	1.194	0.0102	7.85	118.7	11.2625	4.9673	0.48	1.77	12.31	0.3	10.2346	4.327000001	6.088270094	8.913711293
128	488557.9813	4457822.217	0.6677	44.52215229	45.26814756	10.20970016	29.17528751	9.994416116	2.213509127	0.113	1.466	0.02012	7.67	152.9	9.9813	4.2169	0.45	1.13	10.84	0.17	8.9534	3.577000001	6.00007572	7.431754751
130	488557.2166	4457821.679	0.6502	43.85838311	44.79317006	11.34844683	20.01776129	5.40670659	1.94386438	0.711	1.267	0.01379	8.01	122.3	9.2166	3.6792	0.38	1.32	11.02	0.24	8.1887	3.039	6.022561815	6.497033152
133	488555.9252	4457820.978	0.725	46.4978903	41.78325561	11.7188541	13.87323196	7.375966587	1.470991228	0.728	0.688	0.01035	7.28	127.8	7.9252	2.9776	0.35	1.13	9.54	0.16	6.8973	2.338	5.887958615	5.033818562
136	488554.6203	4457820.247	0.622	38.18369568	51.0526082	10.76369612	20.746848	3.644629505	1.518374601	0.523	0.588	0.01082	8.21	114.7	6.6203	2.2473	0.36	1.01	9.18	0.26	5.5924	1.607000001	5.770799303	3.542712025
139	488553.3236	4457819.44	0.7155	45.37055544	46.98847358	7.640970973	18.30706503	9.099111759	1.557167863	1.228	1.064	0.01232	7.94	116.9	5.3236	1.4397	0.39	0.75	9.32	0.22	4.2957	0.800000001	5.721387359	2.016200201
142	488560.654	4457824.079	0.4502	52.66483791	41.51794143	5.817220661	15.3356359	6.656083403	1.448775228	0.657	1.08	0.01323	7.69	127.4	12.654	6.0791	0.38	1.13	10.23	0.27	11.6261	5.439	5.936751865	10.68849536
145	488559.3822	4457823.302	0.6876	51.91765307	40.97470519	7.107641742	18.00011826	5.612084512	1.862109956	0.821	1.228	0.01621	8.12	138.8	11.3822	5.302	0.42	0.84	10.47	0.2	10.3543	4.662	5.876229531	9.199354233
148	488558.0711	4457822.563	0.4478	47.72075975	45.84805065	6.431189603	17.77418792	7.007388938	1.423758758	0.602	0.695	0.01873	7.98	129.6	10.0711	4.5633	0.33	1.55	9.51	0.25	9.0432	3.923	5.762277442	7.698648022
151	488556.8409	4457821.834	0.3984	47.66308451	45.82796749	6.508947999	16.55115052	8.581145603	1.650636038	0.769	0.965	0.01163	7.77	149.9	8.8409	3.8341	0.41	1.06	9.98	0.19	7.813	3.194	5.684956289	6.270763405
154	488555.5186	4457821.109	0.7032	41.60576645	49.05484351	9.339390035	14.70433836	6.194545181	1.45800677	0.791	0.505	0.00904	7.78	120.8	7.5186	3.1092	0.34	0.96	9.5	0.28	6.4907	2.469000001	5.553141238	4.768522718
157	488554.2574	4457820.253	0.6683	40.2315324	51.34264351	8.425824084	18.05742272	6.814811267	1.445339848	0.778	0.779	0.00773	7.54	113.5	6.2574	2.2531	0.32	0.26	9.02	0.56	5.2295	1.613	5.564194049	3.244305123
159	488553.3975	4457819.765	0.6469	46.47336555	45.04027107	8.486363384	20.50621568	9.598368971	2.254377186	1.542	2.033	0.01154	7.44	146.7	5.3975	1.7649	0.5	1.06	11.76	0.41	4.3696	1.125	5.492216376	2.25820613
162	488552.1909	4457819.016	0.6566	39.42140041	52.05952579	8.519073796	19.04547937	10.99190391	1.82269075	1.232	1.031	0.01106	7.03	125	4.1909	1.0162	0.44	0.63	10.25	0.22	3.163	0.376	5.444636073	0.838832791
165	488559.3924	4457823.688	0.5366	46.60935053	47.44465549	5.94599398	16.30540144	5.197784245	1.371769505	0.544	0.605	0.01098	7.56	121.3	11.3924	5.6875	0.33	1.07	9.87	0.25	10.3645	5.048	5.560949077	9.422285333
168	488558.1002	4457822.829	0.401	47.19042491	46.10900774	6.700567355	14.02830698	9.99584559	1.47827458	0.682	1.067	0.01395	7.68	148.9	10.1002	4.8285	0.39	1.18	9.93	0.19	9.0723	4.189	5.557273619	7.87062547
171	488556.843	4457822.132	0.3103	41.39448074	49.53561747	9.069901791	19.93776417	5.644756276	1.843323471	0.776	0.904	0.01275	7.74	140.5	8.843	4.1322	0.41	1.27	10.27	0.28	7.8151	3.492000001	5.438345041	6.438069421
174	488555.5398	4457821.376	0.6519	39.74101263	51.61867108	8.640316293	16.47960057	3.907714553	1.627269885	0.697	0.776	0.0107	7.18	115.6	7.5398	3.3758	0.4	0.8	11.39	0.2	6.5119	2.736	5.342916941	4.934487126
177	488554.2908	4457820.645	0.6415	40.31883575	51.52363495	8.157529301	18.86204256	6.56593247	1.461087525	0.761	0.719	0.00977	7.51	113.1	6.2908	2.6448	0.33	0.81	9.03	0.26	5.2629	2.005	5.256814007	3.48985974
180	488553.0638	4457819.909	0.6432	42.65285941	48.98723348	8.359907112	21.60577325	4.205151811	1.8666136	0.774	1.151	0.01128	7.42	123.1	5.0638	1.9092	0.44	0.66	9.15	0.21	4.0359	1.269	5.187090965	2.060746834
183	488560.3328	4457824.562	0.4583	50.90032547	43.56997656	5.529697966	24.65289838	6.827907051	1.779138933	0.671	1.362	0.01101	8.29	144.9	12.3328	6.5623	0.4	1.08	10.38	0.28	11.3049	5.922	5.356702883	10.68976774
186	488559.0788	4457823.818	0.5447	47.47753052	45.02227506	7.500194421	24.22549218	10.4588013	2.217280064	0.841	1.812	0.01365	8.35	95.8	11.0788	5.8176	0.46	0.88	11.64	0.2	10.0509	5.178	5.278631203	9.233760593
188	488558.2305	4457823.314	0.418	44.42148531	49.56285064	6.015664056	24.22751494	5.897700446	1.383711155	0.571	1.037	0.01076	8.3	102.4	10.2305	5.3136	0.38	1.38	10	0.29	9.2026	4.674000001	5.226401658	8.248417524
191	488556.9575	4457822.562	0.7285	43.25660453	48.21694403	8.526451441	24.16190324	7.210329062	2.249589733	1.002	1.676	0.00958	7.84	108.3	8.9575	4.5624	0.47	1.12	12.09	0.24	7.9296	3.922	5.1444259	6.772167892
194	488555.6785	4457821.773	0.4918	41.02421684	51.39857809	7.577205066	20.70893737	4.710203236	1.6298092	0.688	0.759	0.0163	7.89	95.4	7.6785	3.7732	0.37	1.26	9.61	0.29	6.6506	3.133	5.089881096	5.270373344
197	488554.3484	4457820.981	0.7427	35.4033817	55.90463706	8.691981247	18.40150826	4.322576515	1.622023487	0.609	0.638	0.01137	7.44	84	6.3484	2.9813	0.39	0.93	9.26	0.22	5.3205	2.341	5.009441062	3.724423988
200	488553.1278	4457820.204	0.5158	39.88074087	49.51474638	10.60451275	20.20960585	8.196981899	1.977005194	0.763	0.883	0.01037	7.17	87.6	5.1278	2.2036	0.37	0.91	9.27	0.36	4.0999	1.564	4.977363925	2.277854108
203	488551.8864	4457819.361	0.6038	40.05354009	49.18912314	10.75733677	22.07666665	4.623327182	2.013284	1.095	1.22	0.01336	7.63	106.7	3.8864	1.3608	0.41	0.69	9.24	0.23	2.8585	0.721	4.988607921	0.777322025
206	488559.1173	4457824.149	0.4582	46.41789884	44.38383861	9.19826255	26.88497398	15.21756773	1.948238342	0.741	0.986	0.01076	7.91	125.7	11.1173	6.1485	0.36	1.32	10.09	0.26	10.0894	5.509000001	5.024804214	9.449665921
209	488557.8815	4457823.437	0.5758	40.59067231	49.72287939	9.686448302	24.37381652	8.257039084	2.229497407	0.65	1.018	0.00815	7.52	101.7	9.8815	5.4366	0.39	1.02	9.8	0.17	8.8536	4.797	4.930236885	8.026569767
212	488556.6118	4457822.624	0.4133	41.36471686	47.89060938	10.74467376	18.01714113	3.664216026	1.964016032	0.731	1.131	0.00912	7.74	105.7	8.6118	4.6244	0.34	1.37	9.6	0.3	7.5839	3.984	4.900814155	6.519174201
215	488555.3407	4457821.823	0.5824	38.2970451	51.24638969	10.45656521	21.89817519	5.889435292	1.951501394	0.632	0.826	0.0096	8.05	101.1	7.3407	3.8228	0.41	0.85	10.58	0.18	6.3128	3.183	4.860635991	5.01728142
217	488554.4823	4457821.275	0.5607	39.0559561	50.33493673	10.60910717	23.96603481	4.401766292	1.939554495	1.261	1.416	0.0085	7.16	126.1	6.4823	3.2753	0.36	1.19	9.42	0.33	5.4544	2.635000001	4.83937985	3.999095418
220	488553.2367	4457820.517	0.4421	39.02539266	52.09495035	8.879656988	21.66174586	3.664917774	1.885729167	0.57	0.73	0.00702	7.83	87.7	5.2367	2.5165	0.36	0.67	8.78	0.16	4.2088	1.877	4.777615534	2.542294632
223	488551.9208	4457819.645	0.476	39.07851914	50.22603828	10.69544258	19.26230968	5.409791105	2.708584566	0.979	1.161	0.01095	7.83	87.7	3.9208	1.6452	0.39	1.09	9.47	0.38	2.8929	1.005	4.771582167	0.963706526
226	488559.7569	4457824.733	0.5387	47.00830963	45.50079986	7.490890508	22.34684175	6.507248306	2.043117247	0.673	1.457	0.01348	7.08	102.7	11.7569	6.7331	0.35	0.72	10.01	0.15	10.729	6.093	4.894568682	10.3059269
229	488558.4365	4457823.974	0.3324	41.48812102	47.53034998	10.98152899	21.724787	7.390084219	1.7072502	0.76	0.916	0.00845	7.57	77.4	10.4365	5.9737	0.38	1.53	11.08	0.31	9.4086	5.334000001	4.792079182	8.786376618
232	488557.0769	4457823.24	0.3403	40.65586154	48.68416668	10.65997178	22.98117949	13.49289342	1.749976096	0.629	0.702	0.00809	7.58	97.5	9.0769	5.2401	0.38	1.07	9.48	0.21	8.049	4.600000001	4.647024588	7.248121982
235	488555.8166	4457822.426	0.3331	43.7097939	42.10654964	14.18365646	37.28888091	13.46627505	3.065148118	1.595	1.725	0.01539	7.35	129.8	7.8166	4.4262	0.45	1.13	10.68	0.47	6.7887	3.786	4.623655689	5.747986659
238	488554.597	4457821.607	0.5536	38.15359659	50.36332526	11.48307815	22.5290132	10.45647269	1.91070008	1.062	0.864	0.00798	8.04	98.8	6.597	3.6069	0.45	0.86	12.09	0.42	5.5691	2.967	4.627055845	4.278914299
241	488553.3054	4457820.837	0.6747	38.63608597	50.77358805	10.59032598	20.24575883	5.494777451	2.407889467	0.749	1.159	0.00703	8.83	84	5.3054	2.8372	0.4	1.22	8.91	0.37	4.2775	2.197000001	4.549712933	2.777199069
244	488552.0018	4457819.841	0.6695	39.27302208	49.32033228	11.40664564	20.56363816	3.547461825	2.769025743	1.012	1.455	0.01086	7.16	94.2	4.0018	1.8414	0.51	0.83	9.93	0.26	2.9739	1.201	4.653615312	1.13994733
246	488559.7629	4457825.081	0.6575	45.85462301	45.1715022	8.973874795	20.9981274	5.356962339	2.364420464	0.704	1.342	0.01203	7.62	114.7	11.7629	7.0813	0.4	1.29	10.22	0.3	10.735	6.441000001	4.608550678	10.50425416
249	488558.483	4457824.33	0.7122	43.65461937	46.81287069	9.532509941	19.88200187	4.899828233	2.057939082	0.672	0.972	0.0071	7.73	92.1	10.483	6.3297	0.37	0.91	9.74	0.2	9.4551	5.69	4.521910016	9.022822957
252	488557.168	4457823.591	0.5314	41.11203688	47.11770261	11.77026051	19.26897477	3.445256637	2.200552025	0.959	1.453	0.01435	7.85	115.7	9.168	5.5912	0.36	1.2	9.64	0.35	8.1401	4.951	4.405791203	7.518874015
255	488555.9068	4457822.77	0.6384	42.01792676	44.6825053	13.29956794	25.12009129	8.07015105	3.139884185	1.329	1.699	0.01227	7.91	131.8	7.9068	4.7702	0.45	0.88	10.26	0.22	6.8789	4.13	4.387742577	6.014101378
258	488554.6344	4457821.964	0.5452	39.73423108	49.27391309	10.99185583	NA	NA	2.141286456	0.747	0.751	0.00698	8.28	83.6	6.6344	3.9641	0.38	1.1	9.23	0.32	5.6065	3.324	4.35099952	4.508349836
261	488553.3212	4457821.126	0.5659	38.90827074	51.34549576	9.746233501	20.32601344	2.510661487	1.883343949	0.604	0.779	0.00715	7.25	79.5	5.3212	3.1259	0.41	0.74	8.9	0.22	4.2933	2.486	4.318196225	2.950896086
264	488552.1052	4457820.325	0.7554	39.73783604	47.02843812	13.23372584	28.62658187	4.913546297	3.305743752	1.653	1.705	0.0146	7.48	111.3	4.1052	2.3254	0.46	1.11	9.88	0.43	3.0773	1.685000001	4.308629981	1.494817281
267	488559.4079	4457825.075	0.2982	47.46628752	43.72847844	8.805234043	20.31174042	1.82372159	2.08863564	0.558	0.834	0.00805	7.16	90.2	11.4079	7.0749	0.35	0.69	9.8	0.2	10.38	6.435000001	4.416312063	10.20574903
270	488558.1017	4457824.425	0.6782	42.58055917	44.98317172	12.43626912	22.80995749	2.394862425	2.11544511	1.163	1.087	0.01333	7.13	133.6	10.1017	6.4254	0.39	1.23	10.76	0.37	9.0738	5.785	4.231081473	8.758562766
273	488556.8328	4457823.632	0.6394	37.22180865	49.30278552	13.47540583	19.60671551	4.166852355	2.198369781	0.725	0.961	0.00974	7.72	106.4	8.8328	5.6321	0.39	0.9	9.42	0.21	7.8049	4.992000001	4.185473806	7.262943781
275	488555.9833	4457823.122	0.6809	36.78579761	50.86487507	12.34932732	14.20936122	11.2033435	2.670031759	1.582	1.104	0.00936	6.98	124.5	7.9833	5.1216	0.4	1.06	9.6	0.36	6.9554	4.482000001	4.137566396	6.273269526
278	488554.7912	4457822.375	0.7805	41.81097202	49.10639905	9.082628931	19.53047876	16.37217032	2.6416786	1.563	1.543	0.01489	7.68	116.5	6.7912	4.3749	0.44	0.81	9.62	0.24	5.7633	3.735	4.096378922	4.867063637
281	488553.4877	4457821.529	0.5549	35.88493364	52.32520686	11.7898595	14.06517893	10.11403025	2.230904	0.921	1.042	0.00914	7.99	110.6	5.4877	3.5294	0.39	0.98	8.65	0.41	4.4598	2.889	4.075616415	3.31323058
284	488552.1967	4457820.712	0.4652	34.7406889	53.25735613	12.00195497	13.24678691	9.9397594	2.469637161	0.959	1.389	0.00831	7.57	101.7	4.1967	2.7116	0.44	0.72	11.28	0.48	3.1688	2.072000001	4.037685917	1.785902431
287	488559.483	4457825.423	0.7736	43.04821151	48.68362586	8.268162631	12.47872506	11.55210472	2.282274181	0.945	1.242	0.01075	7.58	108.4	11.483	7.4231	0.37	1.03	9.99	0.3	10.4551	6.783000001	4.168683962	10.46153083
293	488556.8821	4457824.001	0.7331	40.43888889	48.22888889	11.33222222	8.553892543	11.39972809	1.634632499	0.528	0.602	0.00956	7.17	104.5	8.8821	6.0011	0.35	0.68	9.34	0.19	7.8542	5.361	3.906051133	7.508940648
296	488555.6107	4457823.199	0.4975	39.16443576	50.12052475	10.71503949	13.62871508	8.521765974	2.002041467	0.601	0.594	0.00891	7.61	115.6	7.6107	5.1989	0.36	0.94	9.05	0.29	6.5828	4.559	3.866537767	6.006242856
299	488554.3455	4457822.427	0.6386	33.8117668	55.77786171	10.41037149	23.26122256	11.41799757	1.854112743	0.617	0.596	0.01133	8.3	147.9	6.3455	4.4268	0.44	0.76	8.98	0.21	5.3176	3.787	3.805524849	4.525367283
302	488553.0659	4457821.615	0.3473	37.45750283	51.53323112	11.00926605	15.29454952	10.31309227	2.070091306	0.886	1.024	0.00915	7.66	92.3	5.0659	3.6154	0.37	0.98	8.68	0.35	4.038	2.975000001	3.769770504	3.010295738
304	488552.2526	4457821.067	0.6374	36.23173915	48.8507471	14.91751375	14.15710218	8.574701371	2.150298211	0.874	0.856	0.00696	7.16	95.3	4.2526	3.0669	0.41	0.61	8.53	0.24	3.2247	2.427	3.773570581	2.029609014
307	488559.5221	4457825.771	0.5653	46.19905129	42.73192841	11.0690203	12.51246411	9.605946854	2.153723616	1.136	1.142	0.00758	8.03	101.2	11.5221	7.7711	0.35	1.01	10.02	0.27	10.4942	7.131	3.901055334	10.68737974
310	488558.189	4457825.06	0.5071	43.08346943	44.61664945	12.29988112	12.70272264	11.63559083	1.645173653	0.749	0.924	0.00812	7.9	110.7	10.189	7.0603	0.38	0.73	9.63	0.18	9.1611	6.42	3.751599551	9.183937161
313	488557.0177	4457824.395	0.5307	40.32501722	43.97063071	15.70435208	11.64226443	7.686125831	1.744505364	0.645	0.624	0.00673	7.57	109.4	9.0177	6.3953	0.35	1.2	90.01	0.28	7.9898	5.755	3.653787429	7.840582599
316	488555.6372	4457823.587	0.6341	40.58223743	46.9333126	12.48444997	10.93322755	5.482681998	1.711408	0.866	0.832	0.00645	7.95	91	7.6372	5.5865	0.41	0.7	9.13	0.21	6.6093	4.947000001	3.558650168	6.243838052
319	488554.4211	4457822.812	0.7864	37.42696554	48.68926754	13.88376691	12.89711332	6.247531565	2.224095427	0.791	0.815	0.00788	7.96	104.6	6.4211	4.8121	0.35	0.91	8.62	0.39	5.3932	4.172	3.527410158	4.802120925
322	488553.5533	4457822.193	0.3012	37.31880436	47.88008042	14.80111522	14.51599123	6.491020276	1.884490611	0.841	0.922	0.00888	7.58	99.9	5.5533	4.1932	0.38	0.66	8.76	0.28	4.5254	3.553	3.559966	3.736673621
325	488552.2288	4457821.347	0.3037	36.23346182	50.5859874	13.18055077	14.69156261	8.626451267	2.151348763	0.819	0.878	0.0075	7.75	108	4.2288	3.3465	0.37	0.99	8.11	0.39	3.2009	2.707	3.527536518	2.165379703
328	488550.9484	4457820.517	0.868	39.60901922	44.43518827	15.95579251	20.21290549	11.04839261	3.76457417	1.819	2.373	0.01348	7.32	183.2	2.9484	2.5172	0.51	0.66	10.11	0.53	1.9205	1.877	3.50630417	0.639642718
331	488558.3654	4457825.419	0.5036	40.59323446	22.19074599	37.21601955	12.30840603	7.135660643	1.323164203	0.557	0.619	0.00837	8.2	95.2	10.3654	7.4194	0.33	1.09	9.74	0.27	9.3375	6.779	3.551104549	9.530058115
333	488557.3731	4457824.92	0.3643	44.48221467	45.67753116	9.840254171	10.85877246	8.988387517	1.756227616	0.478	0.619	0.00827	8.33	101.9	9.3731	6.9202	0.36	0.84	9.49	0.21	8.3452	6.28	3.414715543	8.427761272
336	488556.1799	4457824.129	0.4509	43.1587134	46.1574357	10.6838509	11.60279585	9.704911777	1.878474374	0.671	1.045	0.00844	8.3	99.6	8.1799	6.1291	0.34	0.93	9.22	0.32	7.152	5.489	3.409501605	6.996195676
339	488554.8608	4457823.402	0.5594	40.94110329	50.17329097	8.885605741	14.65639676	10.30447278	1.724206317	0.663	0.907	0.00725	8.19	99	6.8608	5.4021	0.36	0.62	8.85	0.2	5.8329	4.762	3.281127318	5.495504551
342	488553.6545	4457822.573	0.327	38.82303274	49.37952028	11.79744698	14.5231699	10.4198985	1.814816	0.751	0.785	0.00895	8.21	80.2	5.6545	4.5729	0.34	1.1	8.66	0.37	4.6266	3.933	3.300231255	4.031935035
345	488552.3726	4457821.784	0.6108	38.54032437	51.02643857	10.43323706	13.81573761	11.49094737	2.119618594	0.806	0.861	0.00657	7.92	86.9	4.3726	3.7837	0.37	1.45	8.52	0.5	3.3447	3.144	3.244075297	2.527729225
348	488551.0366	4457820.895	0.6822	36.64645253	50.00111067	13.3524368	15.25246816	9.643711645	2.596409849	0.902	1.624	0.01327	7.86	114.4	3.0366	2.8947	0.45	0.84	10	0.61	2.0087	2.255	3.241009951	0.922983886
351	488558.434	4457825.689	0.3233	44.51640136	46.57476423	8.908834409	8.36712295	8.856330145	1.6291112	0.535	0.498	0.00538	7.91	89.8	10.434	7.6888	0.37	0.59	9.75	0.16	9.4061	7.049000001	3.364719871	9.737100893
354	488557.0643	4457824.92	0.3845	44.75745087	45.86050232	9.38204681	13.30858872	9.174861816	1.902453056	0.724	0.816	0.00712	7.88	121.6	9.0643	6.92	0.36	1.38	9.65	0.33	8.0364	6.28	3.243155455	8.171003456
357	488555.8098	4457824.195	0.4192	40.70227278	49.78449712	9.513230099	16.13998141	2.297262173	1.609908403	0.797	0.906	0.00868	7.97	118.3	7.8098	6.1947	0.38	0.77	9.35	0.23	6.7819	5.555000001	3.149008066	6.725136409
360	488554.4621	4457823.43	0.6209	41.49218585	49.93391018	8.573903964	19.08949593	11.09204263	1.683085532	0.713	0.821	0.00635	7.52	106	6.4621	5.4298	0.33	1.19	9.26	0.48	5.4342	4.79	3.036340317	5.179553583
362	488553.6455	4457822.898	0.6339	38.02763707	51.51626233	10.4561006	16.76996044	9.618590943	1.836561375	0.739	0.759	0.00549	7.73	109.6	5.6455	4.8983	0.39	0.78	8.81	0.41	4.6176	4.258	3.025003499	4.205012134
364	488552.3566	4457822.077	0.3409	38.16384338	50.49264093	11.34351569	16.06912408	10.25284707	2.213189448	1.035	1.488	0.01193	7.91	108.8	4.3566	4.0771	0.4	1.43	8.96	0.57	3.3287	3.437	2.991565577	2.677207789
367	488551.0673	4457821.187	0.8142	35.70849303	50.45381325	13.83769372	13.7488618	8.528051679	2.132556841	0.819	0.804	0.00882	8.07	102.7	3.0673	3.187	0.39	0.77	8.89	0.39	2.0394	2.547	3.015276831	1.110736511
370	488558.4295	4457826.014	0.5394	44.82161105	46.12453903	9.053849913	9.569670683	10.50970552	1.363579704	0.41	0.75	0.00712	8.09	105.6	10.4295	8.0142	0.4	1.4	10	0.31	9.4016	7.374000001	3.091992181	9.913919606
373	488557.1635	4457825.338	0.4094	40.54198193	48.41283068	11.04518738	15.48242169	5.813061543	1.874011976	0.846	0.944	0.00918	8.19	106.2	9.1635	7.3379	0.41	0.87	9.71	0.23	8.1356	6.698000001	2.950713724	8.485713599
376	488555.8743	4457824.492	0.4895	40.79369841	48.61736049	10.58894111	11.71266791	7.880868655	1.805427776	0.88	1.003	0.00822	8.11	100	7.8743	6.4919	0.46	0.3	10.37	0.93	6.8464	5.852	2.937895872	6.943770557
379	488554.6135	4457823.728	0.6733	40.5442328	47.66812906	11.78763814	11.42800353	7.785328539	1.825383387	0.82	1.15	0.00699	8.23	73.8	6.6135	5.7278	0.36	0.21	9.54	0.49	5.5856	5.088	2.872675706	5.470998012
382	488553.3137	4457822.932	0.7802	40.10328743	49.8289649	10.06774767	15.17350702	13.94994574	1.770103751	0.776	1.008	0.00642	8.2	76.6	5.3137	4.9318	0.42	1.3	10.71	0.51	4.2858	4.292	2.812395329	3.948019905
385	488552.0388	4457822.121	0.8471	40.04132553	48.27532577	11.6833487	16.61811897	12.91445351	2.075099761	0.932	1.158	0.0124	7.77	101.6	4.0388	4.121	0.37	0.6	8.09	0.31	3.0109	3.481000001	2.778420693	2.437411837
388	488550.7324	4457821.259	0.6823	34.09196934	52.17038765	13.73764301	13.93697262	9.96953119	2.525440127	1.152	1.61	0.01005	7.81	106.6	2.7324	3.2587	0.42	1.48	9.55	0.64	1.7045	2.619	2.769350548	0.872278394
390	488558.9744	4457826.505	0.7491	45.25803657	45.2658121	9.476151334	12.75848	13.1523051	1.59323741	0.851	1.247	0.00729	8.1	87.1	10.9744	8.5049	0.33	0.66	10	0.19	9.9465	7.865	2.986470822	10.63977238
393	488557.6882	4457825.837	0.5291	43.09722423	45.01105199	11.89172378	13.09361889	10.66329758	1.84407511	1.063	1.322	0.00635	7.98	108.3	9.6882	7.8369	0.33	1.14	8.76	0.28	8.6603	7.197000001	2.827318088	9.199215251
396	488556.4225	4457825.148	0.6802	41.64417042	46.74776426	11.60806532	14.58994917	10.41534976	1.631061453	0.879	1.181	0.00822	7.82	82.7	8.4225	7.1481	0.41	0.79	11.47	0.33	7.3946	6.508	2.697015408	7.764036272
399	488555.107	4457824.347	0.6116	40.29189297	47.55367476	12.15443226	13.34815264	11.21605975	1.517114388	0.859	1.123	0.00717	7.41	94.5	7.107	6.347	0.36	1.27	10.3	0.54	6.0791	5.707	2.632169926	6.22522624
402	488553.8175	4457823.519	0.556	40.52048739	47.33702836	12.14248426	14.10309902	10.61133032	1.867288676	1.137	1.726	0.02704	7.48	257	5.8175	5.5191	0.36	0.71	8.88	0.38	4.7896	4.879000001	2.604218949	4.693034023
405	488552.4703	4457822.74	0.6306	36.11808348	50.68193429	13.19998223	12.97059744	9.898239499	1.9452	0.922	0.899	0.01004	7.63	116.2	4.4703	4.7403	0.35	1.52	8.28	0.44	3.4424	4.100000001	2.503469559	3.140088949
408	488551.2128	4457821.921	0.8319	37.12276882	50.81138719	12.06584399	13.95671475	16.19121823	2.511819992	0.818	1.358	0.01108	7.54	113	3.2128	3.9211	0.42	0.83	8.8	0.41	2.1849	3.281	2.485813604	1.63950389
411	488558.519	4457826.603	0.748	37.27781728	48.61246889	14.10971383	11.36037762	11.18428427	1.803894863	0.715	1.122	0.01449	7.76	88.6	10.519	8.6033	0.32	1.23	10.02	0.3	9.4911	7.963	2.651980116	10.315567
414	488557.2654	4457825.892	0.6147	32.94784203	48.72632339	18.32583458	10.48184178	9.81264553	1.613566322	0.883	0.976	0.01239	7.62	103.4	9.2654	7.892	0.32	0.69	9.03	0.16	8.2375	7.252	2.546692166	8.878226261
417	488555.9392	4457825.153	0.5402	41.42171566	52.72834322	5.849941123	15.4354311	15.18891158	1.610563549	0.742	0.869	0.00725	7.81	102.6	7.9392	7.1532	0.36	1.35	9.61	0.38	6.9113	6.513	2.424350967	7.364964859
419	488555.1223	4457824.632	0.5728	41.74128469	45.92507832	12.33363699	18.77292885	23.06562839	2.044693069	1.311	1.442	0.00981	7.74	116.4	7.1223	6.6318	0.43	0.84	10.24	0.42	6.0944	5.992000001	2.40370131	6.396285242
422	488553.775	4457823.81	0.3382	40.51667648	51.84757378	7.635749747	14.36704914	11.39306712	2.179282316	0.918	1.236	0.01331	7.89	111.5	5.775	5.8098	0.37	1.62	8.85	0.49	4.7471	5.17	2.338649558	4.819367501
425	488552.4588	4457823.031	0.3902	39.24541295	53.1254165	7.629170554	14.15498591	13.04380159	2.148152866	0.931	1.234	0.01106	7.99	107.1	4.4588	5.0308	0.42	1.08	9.69	0.49	3.4309	4.391000001	2.255122844	3.292197987
428	488551.1794	4457822.204	0.7616	34.83362035	57.15015832	8.016221321	14.07571573	13.17533154	2.094826486	0.819	0.814	0.01023	7.97	103.7	3.1794	4.2042	0.33	1.45	7.36	0.54	2.1515	3.564	2.231951658	1.768959181
431	488558.685	4457826.927	0.6718	44.67300515	47.03771992	8.289274924	10.77221432	10.81237706	1.85401895	0.896	1.004	0.00995	7.95	109.7	10.685	8.9266	0.36	0.98	10.3	0.23	9.6571	8.287	2.47480862	10.63359571
434	488557.3715	4457826.18	0.5509	43.2967033	48.3028083	8.4004884	11.73960049	6.906347735	1.950983737	0.805	0.963	0.00858	8.21	93.4	9.3715	8.1796	0.39	1.62	10.41	0.43	8.3436	7.54	2.366174919	9.126449414
437	488556.0351	4457825.474	0.8134	44.23786041	49.68901328	6.073126305	19.41772414	11.58880367	2.037140588	1.042	1.299	0.0105	7.3	130.8	8.0351	7.474	0.4	0.86	9.49	0.32	7.0072	6.834000001	2.210728406	7.62304084
440	488554.7423	4457824.662	0.6078	39.64228184	53.6743876	6.683330556	11.853399	8.521250099	1.895196507	0.656	1.073	0.00855	7.39	88.6	6.7423	6.6618	0.38	1.45	9.94	0.55	5.7144	6.022	2.167640534	6.096993896
443	488553.5168	4457823.856	0.4666	39.66522642	51.54224656	8.792527018	12.23705333	11.63207101	2.211932939	1.087	1.455	0.02032	7.15	108.9	5.5168	5.8562	0.32	0.34	9.31	0.56	4.4889	5.216	2.156953721	4.630238278
446	488552.1334	4457823.088	0.4561	37.49361182	53.06077103	9.445617154	18.26905529	9.590032778	2.567276326	1.043	1.385	0.01056	7.02	147.8	4.1334	5.0883	0.41	0.33	9.44	0.58	3.1055	4.448000001	2.026946522	3.053305278
448	488551.2316	4457822.5	0.536	37.47431098	54.42850954	8.097179484	13.27220084	13.81128394	2.065675995	0.823	0.8	0.01	8.12	97.9	3.2316	4.5	0.36	0.29	8.68	0.37	2.2037	3.86	2.014837419	1.976810684
451	488550.1074	4457821.646	0.6607	37.26727394	54.20795379	8.524772273	18.10320358	10.36591443	2.523695652	1.436	1.64	0.01309	7.48	117.8	2.1074	3.6457	0.46	1.32	9.38	0.69	1.0795	3.006	2.100340412	0.567615567
454	488557.3847	4457826.582	0.4538	43.651208	49.3040822	7.044709803	9.868993614	13.15287849	1.928734026	1.06	1.334	0.00846	7.39	96.5	9.3847	8.5815	0.42	0.83	11.22	0.38	8.3568	7.942000001	2.039257662	9.360764047
457	488556.1116	4457825.859	0.3512	43.14862328	49.95945931	6.891917408	13.5865107	6.912411284	1.781938816	0.831	1.151	0.00811	7.56	84.3	8.1116	7.8586	0.39	1.35	10.71	0.53	7.0837	7.219000001	1.933113728	7.900542805
460	488554.7711	4457825.068	0.2772	39.91336702	52.55511745	7.531515522	12.79579192	13.426583	1.895300438	0.915	1.097	0.01426	7.52	113.8	6.7711	7.0682	0.36	0.78	8.99	0.42	5.7432	6.428	1.846064294	6.346501735
463	488553.5109	4457824.227	0.3987	41.35303266	52.77382804	5.873139302	13.72423392	12.46930059	2.18031213	1.162	1.373	0.00975	7.64	110.3	5.5109	6.2269	0.55	1.67	13.78	0.86	4.483	5.587	1.845200631	4.831449164
466	488552.3094	4457823.448	0.5068	43.44034659	48.60364363	7.956009776	11.26018432	7.731327283	2.152705276	0.913	1.088	0.01044	7.83	96.6	4.3094	5.4476	0.39	0.71	8.63	0.54	3.2815	4.808	1.825397824	3.399649213
469	488551.0502	4457822.602	0.2516	46.0324161	54.67078441	-0.703200507	12.91314255	9.161916744	1.875321174	0.771	1.098	0.00763	7.29	104.2	3.0502	4.6024	0.33	0.29	8.27	0.26	2.0223	3.962	1.829247078	1.88265026
475	488557.5295	4457826.943	0.3369	40.97462899	46.59424154	12.43112948	16.44850567	13.61448228	1.864263137	1.004	1.334	0.0087	7.86	90	9.5295	8.9429	0.35	1.33	8.37	0.36	8.5016	8.303	1.819543702	9.681721701
477	488556.671	4457826.429	0.4146	43.25513196	45.73447081	11.01039723	12.52180302	11.69853176	1.848883148	0.814	0.878	0.01138	8.23	83.4	8.671	8.4287	0.43	0.95	11.21	0.34	7.6431	7.789	1.769962038	8.682341939
480	488555.4207	4457825.763	0.3868	40.91540299	46.59445648	12.49014053	14.52322319	11.44107228	2.17773086	0.985	1.724	0.01631	8.15	110.5	7.4207	7.7631	0.42	1.29	9.8	0.51	6.3928	7.123000001	1.629091336	7.272745708
483	488554.089	4457824.89	0.6031	38.81076157	48.66591131	12.52332711	11.024451	9.646625034	1.948434783	0.553	0.633	0.02012	8.24	89	6.089	6.89	0.43	0.85	8.79	0.43	5.0611	6.25	1.615111429	5.680464811
486	488552.8018	4457824.077	0.6045	37.33506597	51.51939224	11.14554178	11.71415198	10.75687169	1.687234127	0.562	0.808	0.00927	8.53	72.6	4.8018	6.0771	0.33	0.5	8.79	0.46	3.7739	5.437	1.57596622	4.158518527
489	488551.5198	4457823.254	0.5322	35.00755455	53.21401591	11.77842954	14.4132825	9.957280579	2.095833004	0.89	1.217	0.00995	8.31	91.8	3.5198	5.2537	0.42	0.62	9.71	0.57	2.4919	4.614	1.548024672	2.635340182
492	488550.2368	4457822.36	0.4291	34.58346757	55.15402646	10.26250597	14.38857281	7.231967079	2.102130435	0.754	0.87	0.00909	8.07	101.7	2.2368	4.3595	0.36	0.47	8.58	0.58	1.2089	3.720000001	1.578561896	1.071884882
495	488557.6332	4457827.243	0.3554	43.64761154	48.61667981	7.735708653	18.47729689	10.66862841	2.071016341	0.871	1.697	0.01079	8.31	119.3	9.6332	9.2426	0.39	0.51	10.82	0.34	8.6053	8.603	1.627715452	9.934616169
496	488557.2077	4457826.998	0.5353	43.30322925	49.67285411	7.023916642	16.37061649	12.89549951	1.958259843	0.815	1.506	0.01256	8.23	87.8	9.2077	8.9984	0.41	0.61	10.54	0.34	8.1798	8.358	1.595030372	9.444711142
498	488556.3578	4457826.505	0.3944	41.09537299	51.26145642	7.643170583	14.04263946	9.933048922	1.976939587	1.166	1.55	0.01656	8.22	104.8	8.3578	8.5053	0.38	0.54	9.82	0.35	7.3299	7.865	1.53276575	8.464148994
501	488555.123	4457825.724	0.4926	42.00395415	48.06068953	9.935356318	16.38274309	11.11371392	2.727694444	1.189	1.521	0.01578	8.21	109.9	7.123	7.724	0.36	0.72	9.59	0.49	6.0951	7.084000001	1.496125393	7.003549965
504	488553.7616	4457824.939	0.5214	38.76170482	51.14354583	10.09474935	19.29549073	12.93204236	2.231242089	1.132	2.047	0.01387	8.17	105.3	5.7616	6.9387	0.4	0.64	9.5	0.6	4.7337	6.299000001	1.392475723	5.435464602
506	488552.9472	4457824.404	0.5146	38.06354849	51.15209421	10.78435729	18.30586937	11.33937071	2.477855727	1.157	2.221	0.01052	7.81	109.1	4.9472	6.4035	0.43	0.58	9.75	0.52	3.9193	5.764	1.384855569	4.461085675
509	488551.7136	4457823.602	0.5134	36.9782814	53.00449925	10.01721935	14.19206003	12.07773477	2.615657165	1.199	1.526	0.01072	8.06	101.8	3.7136	5.6018	0.41	0.52	9.1	0.58	2.6857	4.962	1.366342759	2.989817434
512	488550.4693	4457822.8	0.6142	37.40739507	53.07831573	9.514289205	16.52411049	9.56490857	2.246832347	0.886	1.433	0.00804	8.07	90.5	2.4693	4.7999	0.36	0.43	8.56	0.49	1.4414	4.16	1.341885347	1.509652469
515	488557.5447	4457827.51	0.3255	42.92664504	48.27609188	8.797263074	15.65969808	11.02232092	1.985679746	0.684	0.913	0.01175	7.97	91.9	9.5447	9.51	0.34	0.4	9.8	0.35	8.5168	8.87	1.356545099	10.00936836
518	488556.3904	4457826.794	0.454	40.93928421	49.80894408	9.25177171	12.63039479	11.01627213	2.093695132	0.796	0.944	0.0086	8.15	89.6	8.3904	8.7938	0.34	0.38	9.48	0.31	7.3625	8.154	1.310582622	8.651814701
521	488555.1285	4457826.011	0.4747	38.52877802	52.35910878	9.112113202	17.05137315	10.60682125	1.99907277	0.797	1.323	0.01039	7.85	98.7	7.1285	8.0105	0.38	0.39	9.4	0.32	6.1006	7.371	1.260549251	7.167571704
524	488553.8649	4457825.223	0.5093	38.64022663	52.26573349	9.094039882	18.26633141	9.037511711	2.174179641	0.775	1.387	0.00962	7.96	97.9	5.8649	7.2232	0.37	0.22	9.29	0.31	4.837	6.583000001	1.213728758	5.679137359
527	488552.594	4457824.369	0.6213	38.10957656	51.45276164	10.4376618	15.71492603	10.88130848	2.428191235	0.966	1.794	0.01026	7.45	95.5	4.594	6.3685	0.38	0.24	9.24	0.35	3.5661	5.729	1.217729599	4.147965649
530	488551.3178	4457823.611	0.6929	36.11240698	53.92646895	9.96112407	15.36648203	10.40576947	2.479009471	0.887	1.611	0.00799	8.08	98.5	3.3178	5.6106	0.38	0.81	9.09	0.62	2.2899	4.971	1.138964834	2.665721894
533	488550.0044	4457822.754	0.7015	34.0678625	54.71094574	11.22119176	14.33631061	10.84204785	2.467114014	0.786	1.102	0.00665	7.98	82.5	2.0044	4.7543	0.4	0.64	8.5	0.44	0.9765	4.114	1.121848348	1.097546015
535	488557.6603	4457827.813	0.3935	42.7622296	48.73843146	8.49933894	18.34695281	15.08510298	2.435333598	NA	2.051	0.009	8.05	93.8	9.6603	9.8128	0.39	0.47	10.09	0.41	8.6324	9.173	1.168833726	10.27382403
538	488556.3889	4457827.063	0.4417	41.81533403	47.02072827	11.1639377	15.47982155	10.28157925	2.281202435	0.972	1.714	0.00813	7.84	95.3	8.3889	9.0626	0.38	0.44	9.89	0.3	7.361	8.423	1.086083941	8.800015889
541	488555.0849	4457826.269	0.5895	38.09804161	51.91673239	9.985225998	16.46490089	14.78355022	2.506607284	0.837	1.754	0.00869	7.86	105.1	7.0849	8.2691	0.4	0.35	9.56	0.54	6.057	7.629000001	1.021807228	7.27465675
544	488553.858	4457825.524	0.445	40.70227278	51.246362	8.051365222	14.52322319	10.61241747	2.009267516	0.805	1.223	0.01417	8.23	94.7	5.858	7.5235	0.34	0.35	9.11	0.28	4.8301	6.884000001	0.959622971	5.840626859
547	488552.5286	4457824.626	0.4983	38.78614194	51.79112933	9.422728737	12.86591285	7.743253243	1.913424821	0.6	0.771	0.01397	8.11	80	4.5286	6.6263	0.35	0.31	8.84	0.48	3.5007	5.986	0.967707615	4.236369087
550	488551.1977	4457823.894	0.5485	35.93784708	54.13834466	9.923808254	15.65436807	9.708211239	2.508535912	1.096	1.327	0.00829	8.31	85.5	3.1977	5.894	0.38	0.3	9.03	0.61	2.1698	5.254000001	0.836934948	2.72308877
553	488549.9538	4457823.033	0.38	38.88956776	50.94035704	10.17007521	15.92470419	11.21264162	2.598760921	1.091	1.548	0.01303	8.2	101.5	1.9538	5.0333	0.41	0.34	9.58	0.53	0.9259	4.393	0.861756472	1.210477748
556	488557.302	4457827.863	0.434	42.18822902	46.98171477	10.83005621	18.20203673	15.02172959	1.936254459	0.621	1.247	0.0115	8.22	102.7	9.302	9.863	0.33	0.72	10.1	0.46	8.2741	9.223	0.928199431	10.00368698
559	488556.083	4457827.067	0.4776	40.07709055	47.37625522	12.54665423	17.23765147	14.84867193	2.612247505	0.922	2.076	0.01084	8.11	83	8.083	9.0666	0.37	0.52	10.49	0.6	7.0551	8.427	0.912809128	8.547891615
562	488554.7533	4457826.301	0.3079	38.09481485	49.06396169	12.84122346	18.96703778	12.73087504	2.603330671	1.205	1.809	0.01375	7.94	104.9	6.7533	8.3009	0.37	0.39	9.51	0.53	5.7254	7.661	0.810973112	7.016719673
564	488553.8255	4457825.76	0.6943	42.2543192	44.02422088	13.72145992	NA	NA	2.500707191	1.307	2.617	0.01657	8.09	92.6	5.8255	7.76	0.38	0.38	9.5	0.47	4.7976	7.12	0.74534011	5.944718671
567	488552.6015	4457825.013	0.616	38.10153299	49.60675405	12.29171295	16.05502675	9.436843532	2.522303748	1.116	1.835	0.01401	7.92	92.5	4.6015	7.013	0.48	0.41	10.6	0.52	3.5736	6.373000001	0.686429945	4.511988902
570	488551.3363	4457824.146	0.5977	33.29852007	51.43771388	15.26376605	21.26809106	7.057154703	2.644226928	0.885	1.709	0.01221	7.96	106.8	3.3363	6.1456	0.38	0.35	8.91	0.55	2.3084	5.506	0.704406641	2.978334156
573	488550.074	4457823.349	0.537	32.77137336	50.43535239	16.79327425	14.48909167	10.52810688	2.414089457	0.761	1.353	0.01074	7.76	104.7	2.074	5.3485	0.39	0.37	8.58	0.53	1.0461	4.709000001	0.665791616	1.485980589
576	488557.325	4457828.239	0.4317	38.70143717	49.07927764	12.21928519	15.01035099	10.30144401	1.927178159	0.727	1.245	0.01221	7.84	96.5	9.325	10.2391	0.35	0.32	9.47	0.3	8.2971	9.599	0.628344972	10.23170519
579	488556.0783	4457827.428	0.2645	37.10619862	50.26549656	12.62830482	18.35411075	10.18521739	2.192668785	0.964	1.428	0.00941	7.65	93	8.0783	9.428	0.44	0.42	11.95	0.39	7.0504	8.788000001	0.610037417	8.744544563
582	488554.7712	4457826.655	0.5746	36.36888825	49.95722745	13.6738843	19.57739156	7.873908843	1.982410072	0.697	1.548	0.01127	7.83	99.8	6.7712	8.6551	0.38	0.88	9.72	0.57	5.7433	8.015000001	0.526577576	7.228274843
585	488553.4688	4457825.868	0.5083	37.5195779	47.55456818	14.92585393	23.20866265	12.19458269	2.928805257	1.408	2.574	0.0189	7.99	128.2	5.4688	7.8684	0.42	0.88	9.69	0.55	4.4409	7.228	0.45736949	5.708135046
588	488552.2011	4457825.109	0.7827	37.89686507	48.83467751	13.26845742	17.38119603	9.808734832	2.562532493	0.994	2.01	0.02186	7.91	117.8	4.2011	7.1085	0.44	0.81	10.09	0.68	3.1732	6.469000001	0.384158541	4.232403212
591	488550.9118	4457824.238	0.6487	35.79244382	48.0754063	16.13214988	16.69214117	9.243899348	2.268749505	1.025	1.239	0.00888	8.17	120.1	2.9118	6.2382	0.4	0.65	8.85	0.63	1.8839	5.598	0.392071872	2.676487767
593	488550.0955	4457823.662	0.6162	37.9532456	49.38752846	12.65922594	24.844831	7.309565552	2.569467875	1.375	1.658	0.01063	8.23	96.9	2.0955	5.6617	0.4	0.47	8.83	0.52	1.0676	5.022	0.417486388	1.677750668
596	488557.4713	4457828.552	0.5581	41.48048572	45.21336281	13.30615147	16.73565248	11.2403587	2.305449461	0.987	1.698	0.01041	8.13	97.1	9.4713	10.5515	0.37	0.39	9.75	0.34	8.4434	9.912	0.449374908	10.52724267
599	488556.2051	4457827.736	0.6335	39.82759004	47.21389056	12.95851941	19.90429594	15.43019518	2.923059613	1.214	2.188	0.01049	8.05	107.5	8.2051	9.7355	0.44	0.36	10.24	0.65	7.1772	9.096	0.424391083	9.021090541
602	488554.9254	4457826.945	0.4781	38.807794	47.30498345	13.88722256	16.8774746	10.08897947	2.300322196	0.955	1.819	0.00978	8.17	111.1	6.9254	8.9446	0.36	0.27	9.46	0.52	5.8975	8.305000001	0.371120318	7.517602824
605	488553.5336	4457826.228	0.511	37.9457838	49.66781469	12.38640151	15.16151918	9.879437392	2.027630952	0.616	1.514	0.01222	8.01	112.6	5.5336	8.228	0.36	0.26	9.02	0.41	4.5057	7.588	0.194041381	5.96201956
608	488552.248	4457825.397	0.5419	40.0104405	46.73234556	13.25721394	15.28838	10.36225501	2.43460261	1.169	1.579	0.01268	7.98	120.9	4.248	7.3968	0.43	0.64	10.82	0.71	3.2201	6.757	0.170751537	4.431403363
611	488550.9769	4457824.569	0.5899	37.82657958	50.02665956	12.14676086	17.05307769	9.57499589	2.233174414	0.917	1.431	0.00984	8.14	109.7	2.9769	6.5689	0.36	0.39	8.65	0.63	1.949	5.929	0.153023053	2.914510186
