ID_GPS	Fecha	Xlocal	Ylocal	X	Y	Altura elipsoidal	id_suelo_raiz	Nº	Marco	COD	GLUC	FOSF	N	P	K	C	pH	COND	Arena	Limo	Arcilla
GPS0101	10/07/2016 9:29	488511,8701	4457844,769	6,5986	10,6076	762,6019	S1	1	Borde	B1	0,843115133	0,485433363	0,399466560	0,041988474	0,032923465	1,653310527	7,96	1272,0	41,66620482	49,11602026	9,21777492
GPS0102	10/07/2016 9:29	488511,0153	4457844,301	5,7438	10,1391	762,4861	S2	2	Borde	B2	0,496069236	0,261589333	0,769052991	0,134320270	0,008394189	1,398486344	7,95	415,0	40,20254514	51,19816999	8,599284874
GPS0103	10/07/2016 9:29	488510,1636	4457843,787	4,8921	9,6251	762,5982	S3	3	Borde	B3	0,547919702	0,303173660	0,761825152	0,128260315	0,006987988	1,294919043	8,25	92,7	47,76337978	43,65514334	8,581476879
GPS0104	10/07/2016 9:30	488509,3448	4457843,245	4,0733	9,083	762,5732	S4	4	Borde	B4	1,350270970	0,760037132	0,819091544	0,109364300	0,024623082	0,936950764	7,76	1457,0	46,2133555	43,4879468	10,2986977
GPS0105	10/07/2016 9:30	488508,5625	4457842,656	3,291	8,4942	762,3769	S5	5	Borde	B5	0,529920001	0,539388020	0,423128942	0,061018569	0,009941113	1,207677469	8,17	118,7	47,37747492	44,20558466	8,416940424
GPS0106	10/07/2016 9:30	488507,7412	4457842,082	2,4697	7,9198	762,2818	S6	6	Borde	B6	0,859404431	0,280294298	0,663632471	0,100820858	0,008535684	1,395484154	8,13	100,3	47,52988446	41,86376905	10,60634649
GPS0107	10/07/2016 9:31	488506,859	4457841,575	1,5875	7,4137	762,2395	S7	7	Borde	B7	0,649979140	0,452637890	0,700648128	0,103377099	0,009679006	1,150754199	8,12	87,6	44,83344815	46,19341792	8,97313393
GPS0108	10/07/2016 9:31	488506,0741	4457841,01	0,8026	6,8485	762,1948	S8	8	Borde	B8	1,328033989	0,999160503	0,980080013	0,156947999	0,008956404	1,656668130	8,31	86,8	46,33732158	44,19520966	9,467468756
GPS0109	10/07/2016 9:31	488505,2715	4457840,415	0	6,2528	762,204	S9	9	Borde	B9	1,197569388	0,803658149	0,664049329	0,091188422	0,015228028	1,371598007	8,04	127,0	46,22089473	45,29818678	8,480918489
GPS0117	10/07/2016 9:33	488511,7676	4457844,2	6,4961	10,0378	762,7648	S10	10	Regular	R1	0,306306368	0,352832290	0,477923375	0,060615213	0,013843367	1,091485825	7,70	198,3	46,39676113	45,78226388	7,820974988
GPS0116	10/07/2016 9:33	488510,8551	4457843,653	5,5836	9,4911	762,7128	S11	11	Regular	R2	0,859062492	0,387783498	0,842590825	0,130554281	0,008463801	1,493170212	8,41	70,1	44,19750347	46,8815534	8,920943135
GPS0115	10/07/2016 9:32	488510,0621	4457843,138	4,7906	8,976	762,7837	S12	12	Regular	R3	1,093196980	0,523171620	0,709867988	0,127460685	0,011456431	0,972023850	8,31	54,4	40,07430409	51,18775646	8,737939448
GPS0114	10/07/2016 9:32	488509,2477	4457842,581	3,9762	8,4193	762,505	S13	13	Regular	R4	0,840112450	0,290777071	0,980498026	0,133948930	0,008122372	1,289395288	8,36	68,6	45,23954989	46,80248381	7,957966298
GPS0113	10/07/2016 9:32	488508,4438	4457841,992	3,1723	7,8303	762,4778	S14	14	Regular	R5	1,074449521	0,456167759	0,670389990	0,120271608	0,007511457	1,350557889	8,27	64,8	45,42922765	45,60453582	8,966236533
GPS0112	10/07/2016 9:32	488507,6173	4457841,462	2,3458	7,3005	762,4229	S15	15	Regular	R6	1,468742993	0,384426954	0,679690606	0,123039669	0,007356921	1,417683491	8,27	57,0	46,35389484	44,41841097	9,227694187
GPS0111	10/07/2016 9:32	488506,8068	4457840,912	1,5353	6,75	762,3504	S16	16	Regular	R7	0,823157066	0,370230553	0,747513246	0,145518154	0,011217914	1,299378172	8,23	53,7	43,01542761	48,14946264	8,835109746
GPS0110	10/07/2016 9:31	488505,9535	4457840,348	0,682	6,1863	762,2809	S17	17	Regular	R8	0,730999125	0,354543745	0,935310023	0,117842518	0,008625515	1,273979537	8,07	180,10	43,28689818	46,4262703	10,28683152
GPS0118	10/07/2016 9:33	488512,4032	4457844,043	7,1317	9,8817	762,8712	S18	18	Borde	B10	0,715979139	0,526131232	0,922091051	0,160340144	0,012844866	1,241784586	8,10	59,4	41,37816134	48,97870781	9,643130852
GPS0119	10/07/2016 9:34	488511,4781	4457843,447	6,2066	9,2853	762,8772	S19	19	Aleatorio	A1	1,144737460	0,684667548	0,925548484	0,143518058	0,014058693	1,293073571	8,28	58,3	44,89617074	46,11860496	8,985224298
GPS0120	10/07/2016 9:34	488510,7579	4457843,013	5,4864	8,8513	762,8862	S20	20	Aleatorio	A2	0,703428921	0,414258161	0,649586913	0,136569526	0,014454804	1,095090272	8,20	65,5	45,80453768	45,27010511	8,925357214
GPS0129	10/07/2016 9:36	488509,9455	4457842,481	4,674	8,3193	762,8174	S21	21	Aleatorio	A3	0,895803775	0,531748514	0,588362553	0,114362433	0,012496551	1,192220801	8,26	68,3	36,2970363	53,0991231	10,6038406
GPS0133	10/07/2016 9:37	488507,3444	4457840,673	2,0729	6,5114	762,5249	S22	22	Aleatorio	A4	1,064183865	1,090319454	0,722397539	0,122318781	0,011735520	1,743274442	8,17	70,9	39,57872752	49,63949652	10,78177597
GPS0135	10/07/2016 9:38	488506,4924	4457840,125	1,2209	5,9629	762,4935	S23	23	Aleatorio	A5	0,972620444	0,751756515	0,889971818	0,141340125	0,012686695	1,653788111	8,14	89,6	40,73662944	49,21297427	10,05039629
GPS0137	10/07/2016 9:38	488505,7144	4457839,634	0,4429	5,4719	762,4441	S24	24	Borde	B11	1,004714971	1,048711121	1,183525912	0,250363827	0,009651013	1,831501832	8,11	72,5	38,87389639	50,99672386	10,12937975
GPS0121	10/07/2016 9:34	488511,0534	4457842,916	5,7819	8,7545	762,9295	S25	25	Fino	F1	0,739249023	0,202157696	0,848185316	0,141202975	0,012758775	1,208039741	7,94	174,9	41,24299428	49,69979468	9,057211032
GPS0122	10/07/2016 9:34	488510,899	4457842,815	5,6275	8,6532	762,9375	S26	26	Fino	F2	0,833030731	0,204622017	0,805099581	0,157125853	0,013011493	0,989094013	8,13	77,0	43,87210579	48,3697039	7,75819031
GPS0123	10/07/2016 9:35	488510,6852	4457842,683	5,4137	8,5217	762,9465	S27	27	Fino	F3	1,017862972	0,504651489	0,553180525	0,101813052	0,014124020	1,167499031	8,12	79,9	40,35194848	50,51071389	9,137337626
GPS0147	10/07/2016 9:41	488512,3383	4457843,446	7,0668	9,2838	762,9501	S28	28	Regular	R9	0,763928884	0,235444103	0,716976165	0,136709157	0,014027936	1,173570518	7,74	1574,0	38,46837144	52,05582883	9,475799736
GPS0124	10/07/2016 9:35	488511,3649	4457842,814	6,0934	8,6524	762,9524	S29	29	Regular	R10	1,044039330	0,433443859	0,687103522	0,113241403	0,008928392	1,640394089	8,21	100,7	41,12329102	48,84550028	10,0312087
GPS0125	10/07/2016 9:35	488511,203	4457842,715	5,9315	8,5536	762,9631	S30	30	Fino	F4	1,432348191	0,718631825	0,700205471	0,129231979	0,012810214	1,423471589	8,03	145,7	42,941085	47,3408273	9,718087706
GPS0126	10/07/2016 9:35	488511,0237	4457842,587	5,7522	8,4256	762,9712	S31	31	Fino	F5	0,938875003	0,705155828	0,815508109	0,151513260	0,011604262	1,083889657	8,19	68,4	43,47690941	47,19582593	9,327264654
GPS0127	10/07/2016 9:35	488510,8713	4457842,479	5,5998	8,3168	762,9761	S32	32	Fino	F6	0,636481806	0,539604425	0,694496602	0,139263601	0,011948788	1,364762481	8,23	64,2	45,81003727	46,18721157	8,002751154
GPS0128	10/07/2016 9:36	488510,64	4457842,339	5,3685	8,1777	762,9507	S33	33	Regular	R11	1,072665097	0,781035442	1,015491981	0,144745849	0,011614655	1,416536475	8,10	67,7	42,87539439	47,73919033	9,385415278
GPS0130	10/07/2016 9:36	488509,7882	4457841,759	4,5167	7,5975	762,8666	S34	34	Regular	R12	2,264931004	1,398960323	0,458040808	0,064404850	0,011397275	1,538267411	8,14	63,2	43,10346742	46,4498651	10,44666748
GPS0131	10/07/2016 9:37	488509,0013	4457841,253	3,7298	7,0916	762,7774	S35	35	Regular	R13	1,213187797	1,093937015	0,853051103	0,132038132	0,011710405	1,401595121	8,13	74,1	43,8478623	45,79455858	10,35757912
GPS0132	10/07/2016 9:37	488508,1344	4457840,653	2,8629	6,4916	762,7011	S36	36	Regular	R14	0,988976360	0,885842432	0,390899887	0,075592556	0,010074684	1,157784159	8,22	53,7	42,87744701	46,93811834	10,18443465
GPS0134	10/07/2016 9:37	488507,3844	4457840,107	2,1129	5,9449	762,6546	S37	37	Regular	R15	0,718641830	0,261687236	0,382636063	0,075302375	0,006337307	1,124699327	8,31	46,3	43,228612	45,2586972	11,51269081
GPS0136	10/07/2016 9:38	488506,5251	4457839,567	1,2536	5,4048	762,5831	S38	38	Regular	R16	0,721824766	0,362088707	1,053484752	0,190046576	0,005595785	1,658514159	8,22	50,1	42,57067354	46,23703671	11,19228976
GPS0145	10/07/2016 9:41	488511,2942	4457842,524	6,0227	8,3625	763,0391	S39	39	Fino	F7	0,662201602	0,689508804	0,882775236	0,162988477	0,016846114	1,079830694	8,18	45,6	38,68093087	50,25358177	11,06548735
GPS0144	10/07/2016 9:40	488511,14	4457842,396	5,8685	8,2342	762,9901	S40	40	Fino	F8	0,563940003	0,273576318	0,985846216	0,131598137	0,006353834	1,052629008	8,14	61,3	43,67865867	45,24983344	11,07150788
GPS0143	10/07/2016 9:40	488510,9393	4457842,286	5,6678	8,1238	763,021	S41	41	Fino	F9	1,125070343	0,679760923	1,060119991	0,199731219	0,009176592	1,551934655	8,22	50,1	39,57094025	48,75033295	11,6787268
GPS0148	10/07/2016 9:41	488512,9912	4457843,221	7,7197	9,0597	763,1504	S42	42	Borde	B12	1,478262836	0,585215281	0,619059532	0,106247674	0,005949723	1,126111909	8,10	39,1	43,77775804	44,59717534	11,62506662
GPS0146	10/07/2016 9:41	488512,1586	4457842,724	6,8871	8,5627	763,1173	S43	43	Aleatorio	A6	1,015777538	0,349844274	0,717187790	0,131019334	0,006578785	1,106154876	8,01	71,4	41,79956466	47,46790458	10,73253076
GPS0142	10/07/2016 9:40	488511,3291	4457842,222	6,0576	8,0599	763,0759	S44	44	Aleatorio	A7	0,555815272	0,477588444	0,865662268	0,185875710	0,007558875	1,007087985	8,20	40,6	39,99644575	50,03054436	9,973009896
GPS0141	10/07/2016 9:40	488510,4066	4457841,618	5,1351	7,4564	763,0527	S45	45	Aleatorio	A8	1,658589771	1,165244858	1,159293534	0,162523434	0,015606878	1,691460595	7,95	63,3	42,10543803	46,64525418	11,24930779
GPS0140	10/07/2016 9:39	488507,9761	4457839,963	2,7046	5,8017	762,7706	S46	46	Aleatorio	A9	0,752667897	0,827466751	0,936792203	0,184273416	0,009825129	1,023535851	8,13	55,3	40,27955103	48,09987455	11,62057442
GPS0139	10/07/2016 9:39	488507,0464	4457839,425	1,7749	5,2633	762,676	S47	47	Aleatorio	A10	0,877217810	0,592359080	1,091753542	0,184516009	0,008345052	1,370181396	8,29	48,7	42,1812047	46,52763133	11,29116397
GPS0138	10/07/2016 9:39	488506,2908	4457838,821	1,0193	4,6594	762,6997	S48	48	Borde	B13	0,814166505	0,695164463	0,044616120	-0,000465498	0,010263255	1,747389821	8,14	59,7	39,21646967	50,17812552	10,60540481
GPS0149	10/07/2016 9:42	488512,8987	4457842,649	7,6272	8,4876	763,2195	S49	49	Regular	R17	0,382879290	0,222891827	0,799625778	0,136047832	0,023789936	1,126257946	8,26	54,4	38,80631832	50,52541544	10,66826624
GPS0150	10/07/2016 9:42	488511,9436	4457842,041	6,6721	7,8792	763,2071	S50	50	Regular	R18	0,657722976	0,482117286	0,752139810	0,119669333	0,009419004	1,113781089	8,21	52,5	43,622021	48,18398978	8,193989223
GPS0151	10/07/2016 9:42	488511,1997	4457841,537	5,9282	7,3754	763,1828	S51	51	Regular	R19	0,577994707	0,494261080	0,058668438	0,001489012	0,015914581	1,151312685	8,22	53,1	41,45327108	49,011301	9,535427919
GPS0152	10/07/2016 9:42	488510,3991	4457841,007	5,1276	6,8448	763,1409	S52	52	Regular	R20	0,569139642	0,342394882	0,222790623	0,042393169	0,013554726	1,073099488	8,32	43,2	43,11355962	48,18064688	8,705793496
GPS0153	10/07/2016 9:42	488509,535	4457840,432	4,2635	6,2699	763,0636	S53	53	Regular	R21	0,562019889	0,565762400	0,806408477	0,123611878	0,008176761	1,273979333	8,28	49,8	40,94224215	48,37094679	10,68681105
GPS0154	10/07/2016 9:43	488508,6203	4457839,805	3,3488	5,6437	762,9928	S54	54	Regular	R22	0,675439718	0,377600074	0,322680962	0,055980237	0,007057209	1,118505925	8,29	50,4	39,71014493	50,37925482	9,910600255
GPS0155	10/07/2016 9:43	488507,859	4457839,275	2,5875	5,1132	762,9236	S55	55	Regular	R23	1,986914201	0,869847023	0,765724535	0,121811042	0,009983029	1,499481247	8,10	86,5	41,45399243	47,68380272	10,86220486
GPS0156	10/07/2016 9:43	488507,0453	4457838,793	1,7738	4,6308	762,8591	S56	56	Regular	R24	0,690944847	0,650455974	0,522918969	0,070265506	0,006947464	1,474472848	8,23	71,8	41,47278643	48,13042078	10,39679279
GPS0167	10/07/2016 9:48	488513,4898	4457842,46	8,2183	8,297999999	763,359	S57	57	Borde	B14	0,282931669	0,456795257	0,735970047	0,131529729	0,007110251	0,975840983	8,30	63,2	41,15490579	47,6170903	11,22800391
GPS0157	10/07/2016 9:45	488506,8084	4457838,006	1,5369	3,8447	763,0471	S58	58	Borde	B15	1,448036131	1,051062131	0,733614543	0,084632165	0,009492369	1,670843776	8,03	93,4	41,49545788	47,26473136	11,23981076
GPS0166	10/07/2016 9:47	488513,4522	4457841,852	8,1807	7,6903	763,5118	S59	59	Regular	R25	0,424048373	0,432188181	0,571420409	0,093994433	0,007492780	1,106369327	8,17	78,9	38,23646939	50,5516583	11,21187231
GPS0165	10/07/2016 9:47	488512,6117	4457841,325	7,3402	7,1632	763,4619	S60	60	Regular	R26	0,492827725	0,495185818	0,563488186	0,113749955	0,010402141	0,981298152	8,16	76,3	42,78463862	46,15410244	11,06125894
GPS0164	10/07/2016 9:47	488511,7583	4457840,747	6,4868	6,5855	763,4198	S61	61	Regular	R27	0,377794938	0,162914457	0,697852509	0,141721900	0,009733724	1,008819310	8,25	74,6	42,09222497	47,79324365	10,11453138
GPS0163	10/07/2016 9:47	488510,9336	4457840,176	5,6621	6,0138	763,4373	S62	62	Regular	R28	0,494491431	0,299592192	0,523885790	0,096074933	0,009944498	0,989882833	8,15	84,3	43,90791066	47,65389869	8,438190642
GPS0162	10/07/2016 9:46	488510,4729	4457839,929	5,2014	5,7672	763,338	S63	63	Fino	F10	0,364112448	0,318781217	0,750772447	0,143290300	0,009894389	1,184296708	8,21	78,9	40,89550913	48,43546936	10,66902152
GPS0161	10/07/2016 9:46	488510,122	4457839,657	4,8505	5,4951	763,3113	S64	64	Regular	R29	0,718342619	0,162081756	0,736886977	0,107716940	0,008029473	0,980057008	8,29	43,1	40,62132214	49,59474163	9,783936225
GPS0160	10/07/2016 9:46	488509,3103	4457839,061	4,0388	4,8993	763,3501	S65	65	Regular	R30	1,032329781	0,415678671	0,725073666	0,112914964	0,010196052	1,204541440	8,14	80,4	42,75779323	48,52911769	8,713089075
GPS0159	10/07/2016 9:45	488508,4688	4457838,559	3,1973	4,3974	763,2071	S66	66	Regular	R31	0,733272578	0,565530310	0,769606281	0,121988354	0,008364846	1,232548769	8,21	78,1	40,23108543	48,17909121	11,58982335
GPS0158	10/07/2016 9:45	488507,6571	4457837,993	2,3856	3,8309	763,2159	S67	67	Regular	R32	0,306702734	0,406200913	0,920564653	0,161968613	0,008435744	1,351560182	8,21	74,5	33,61178379	50,30437004	16,08384617
GPS0169	10/07/2016 9:49	488510,8469	4457839,798	5,5754	5,6361	763,4424	S68	68	Fino	F11	0,496026358	0,472238845	0,523482323	0,089908536	0,010019668	1,125267931	8,22	76,5	39,65139918	49,05517847	11,29342235
GPS0171	10/07/2016 9:49	488510,6128	4457839,69	5,3413	5,5282	763,398	S69	69	Fino	F12	0,385519490	0,300549034	0,577699737	0,118270953	0,008726358	0,883420329	8,30	67,2	38,50538315	50,90496983	10,58964701
GPS0172	10/07/2016 9:50	488510,4065	4457839,548	5,135	5,386	763,4117	S70	70	Fino	F13	0,548275260	0,293082043	0,421296810	0,074340305	0,008095500	1,037031887	8,20	71,2	31,69219831	59,31525567	8,992546018
GPS0168	10/07/2016 9:49	488514,0671	4457841,668	8,7956	7,5066	763,6827	S71	71	Borde	B16	1,192135134	0,495530648	0,827042139	0,117141934	0,012488930	1,211477565	8,12	90,1	40,81077178	48,71185273	10,47737549
GPS0173	10/07/2016 9:50	488511,1669	4457839,78	5,8954	5,6182	763,5201	S72	72	Fino	F14	1,095317399	0,593056921	0,834269867	0,079879037	0,010910333	1,289874609	8,13	95,3	35,68589131	52,8015279	11,51258078
GPS0174	10/07/2016 9:50	488510,9512	4457839,641	5,6797	5,4795	763,4987	S73	73	Fino	F15	0,273011551	0,443184564	0,600917197	0,102864500	0,010291223	0,943922480	8,27	80,7	36,21153205	53,29185646	10,49661149
GPS0175	10/07/2016 9:50	488510,7395	4457839,477	5,468	5,3149	763,4952	S74	74	Fino	F16	0,204718075	0,449821084	0,806799645	0,143279316	0,009698783	0,912196032	8,22	81,2	30,75299398	58,43202169	10,81498434
GPS0176	10/07/2016 9:51	488510,5314	4457839,359	5,2599	5,197	763,4513	S75	75	Fino	F17	0,849431012	0,354015763	0,706385871	0,154041720	0,009772348	1,094421122	8,17	83,3	37,77067093	51,66122549	10,56810358
GPS0177	10/07/2016 9:51	488510,3371	4457839,211	5,0656	5,049099999	763,4602	S76	76	Fino	F18	0,927134934	0,754507184	0,852919254	0,141419322	0,011189561	1,242094653	8,20	69,8	41,24767019	49,7437206	9,008609213
GPS0190	10/07/2016 9:56	488507,27	4457837,209	1,9985	3,0472	763,2725	S77	77	Borde	B17	1,166156942	0,468788076	1,349311472	0,174096081	0,007218289	1,533843172	8,21	65,9	32,29121532	55,85885856	11,84992612
GPS0178	10/07/2016 9:51	488511,0829	4457839,431	5,8114	5,2695	763,5761	S78	78	Fino	F19	0,650094912	0,692681492	0,240307779	0,025309375	0,012666491	1,038126182	8,19	77,4	39,80232106	50,19934477	9,998334166
GPS0179	10/07/2016 9:51	488510,8873	4457839,304	5,6158	5,1425	763,5557	S79	79	Fino	F20	0,830326564	0,575342469	0,711650662	0,115186300	0,011106769	1,012231022	8,14	69,8	38,05222332	52,83477412	9,113002563
GPS0180	10/07/2016 9:52	488510,667	4457839,163	5,3955	5,0015	763,5406	S80	80	Fino	F21	0,636516492	0,424600569	0,586179693	0,111888956	0,009267125	1,123326158	8,23	74,6	38,39234152	50,59082226	11,01683621
GPS0181	10/07/2016 9:53	488513,8854	4457840,989	8,6139	6,8268	763,7535	S81	81	Regular	R33	0,454776523	0,632459056	0,911448519	0,157332312	0,010947683	1,073574888	8,30	77,2	36,40523311	52,0146154	11,58015148
GPS0182	10/07/2016 9:53	488513,0667	4457840,447	7,7952	6,2854	763,7296	S82	82	Regular	R34	0,515078736	0,495387919	0,672589515	0,146275539	0,011311208	1,130588963	8,17	79,6	40,70776813	46,19252714	13,09970473
GPS0183	10/07/2016 9:54	488512,2976	4457839,915	7,0261	5,7531	763,6864	S83	83	Regular	R35	0,388426311	0,557517875	0,647094764	0,148907765	0,009522084	0,831970378	8,24	72,6	38,08048504	50,45861372	11,46090124
GPS0184	10/07/2016 9:54	488511,4988	4457839,404	6,2273	5,2418	763,6895	S84	84	Regular	R36	0,665216793	0,404997073	0,480969673	0,094563384	0,012502257	0,875337944	8,23	78,0	36,86799156	52,61130232	10,52070612
GPS0185	10/07/2016 9:54	488511,023	4457839,094	5,7515	4,9319	763,6784	S85	85	Fino	F22	1,110197293	0,772895288	0,889446522	0,174853027	0,013265138	1,136794240	8,15	85,9	42,55605182	48,84563251	8,598315668
GPS0186	10/07/2016 9:55	488510,512	4457838,778	5,2405	4,6161	763,6436	S86	86	Regular	R37	0,551554217	0,416786773	0,721934205	0,127665925	0,011596589	0,919556791	8,26	80,9	43,04756404	47,54848599	9,40394997
GPS0187	10/07/2016 9:55	488509,8106	4457838,26	4,5391	4,0987	763,5792	S87	87	Regular	R38	0,913571536	0,692955123	0,812124012	0,075019325	0,009808470	1,580270692	8,15	98,2	40,67495362	46,75686784	12,56817854
GPS0188	10/07/2016 9:55	488508,9748	4457837,723	3,7033	3,5613	763,5321	S88	88	Regular	R39	0,968476671	0,478545432	0,577270665	0,075465816	0,009984479	1,180135441	8,12	96,9	41,26434101	49,58962227	9,146036717
GPS0189	10/07/2016 9:56	488508,1475	4457837,179	2,876	3,0175	763,488	S89	89	Regular	R40	1,016653398	0,344166092	0,924281927	0,145340814	0,010626880	1,427276184	8,21	86,9	42,42097781	47,66543015	9,913592039
GPS0200	10/07/2016 10:00	488514,6182	4457840,856	9,3467	6,6941	763,9651	S90	90	Borde	B18	0,531498485	0,475975278	0,312046381	0,052820027	0,010412239	1,215657975	8,21	81,6	38,21506738	50,2905265	11,49440611
GPS0191	10/07/2016 9:56	488507,8453	4457836,457	2,5738	2,2955	763,5712	S91	91	Borde	B19	0,447852728	0,390634059	0,927067257	0,150193380	0,008155972	1,585908642	8,20	68,2	38,39376972	49,66337822	11,94285206
GPS0199	10/07/2016 9:59	488514,5519	4457840,324	9,2804	6,162	764,0766	S92	92	Regular	R41	0,336638008	0,427818321	0,391151782	0,080163009	0,005935954	0,960436224	8,19	66,0	38,64643615	50,2871297	11,06643415
GPS0198	10/07/2016 9:58	488513,5755	4457839,665	8,304	5,5031	764,0112	S93	93	Regular	R42	0,501210055	0,633615033	0,538039970	0,121326321	0,007083845	0,946339802	8,24	69,4	37,81438855	49,061278	13,12433345
GPS0197	10/07/2016 9:58	488512,8606	4457839,181	7,5891	5,0191	763,9954	S94	94	Regular	R43	1,274448239	0,711709515	0,951404872	0,161078794	0,009460212	1,113910511	8,01	101,6	35,50829208	51,31429967	13,17740825
GPS0196	10/07/2016 9:58	488511,9662	4457838,523	6,6947	4,361	764,0181	S95	95	Regular	R44	0,833125544	0,537259400	0,344710757	0,050389485	0,009757294	0,993541977	8,15	88,4	33,53441763	51,65422388	14,81135849
GPS0195	10/07/2016 9:57	488511,0833	4457838,093	5,8118	3,9315	763,8329	S96	96	Regular	R45	0,795017604	0,602451568	0,480826443	0,080568524	0,008472153	1,128088553	8,12	125,2	38,09418061	50,59792807	11,30789132
GPS0194	10/07/2016 9:57	488510,3047	4457837,447	5,0332	3,2849	763,9144	S97	97	Regular	R46	1,069344018	0,754196406	0,424092581	0,067915193	0,007074600	1,054533753	8,26	76,0	39,34761128	50,34140492	10,3109838
GPS0193	10/07/2016 9:57	488509,4902	4457836,963	4,2187	2,801	763,8301	S98	98	Regular	R47	0,661582717	0,643090147	0,826201479	0,162011880	0,007461552	1,185278319	8,23	72,2	38,59345343	50,51002853	10,89651804
GPS0192	10/07/2016 9:56	488508,6732	4457836,37	3,4017	2,208	763,7982	S99	99	Regular	R48	0,614141281	0,695165531	1,085458355	0,210725424	0,006633208	1,331236769	8,34	78,6	39,64958252	48,82639012	11,52402736
GPS0201	10/07/2016 10:00	488515,1494	4457840,101	9,8779	5,9388	764,2369	S100	100	Borde	B20	0,364441068	0,557306114	0,409223239	0,085461507	0,009374027	0,781843419	8,38	63,7	34,87222771	51,74527726	13,38249503
GPS0202	10/07/2016 10:00	488514,3327	4457839,596	9,0612	5,434	764,2026	S101	101	Aleatorio	A11	0,467912626	0,379838357	0,251356725	0,044859251	0,008750158	0,960696704	8,31	62,6	38,52092104	49,33965722	12,13942174
GPS0203	10/07/2016 10:01	488513,4533	4457838,943	8,1818	4,7811	764,1959	S102	102	Aleatorio	A12	0,982040266	0,485897824	0,852484601	0,157779366	0,009453992	0,942891105	8,27	74,4	40,73222478	50,52373177	8,744043454
GPS0204	10/07/2016 10:01	488511,0267	4457837,323	5,7552	3,1611	764,0736	S103	103	Aleatorio	A13	0,624208605	0,451124291	0,683725347	0,108624169	0,010472744	0,944922322	8,32	79,9	38,90641313	48,83932737	12,2542595
GPS0205	10/07/2016 10:01	488510,139	4457836,798	4,8675	2,6365	764,0208	S104	104	Aleatorio	A14	1,506909363	0,485398987	0,181280254	0,026694006	0,011825553	1,568803592	8,29	76,5	36,94130976	50,91411942	12,14457082
GPS0206	10/07/2016 10:02	488509,2498	4457836,162	3,9783	1,9999	763,971	S105	105	Aleatorio	A15	1,201857065	0,672823418	0,440432811	0,065772081	0,007288638	1,573274833	8,30	85,9	37,73859359	51,03765309	11,22375332
GPS0207	10/07/2016 10:02	488508,4239	4457835,65	3,1524	1,4881	763,9354	S106	106	Borde	B21	0,396837342	0,370287304	0,814777127	0,138206765	0,008852453	1,391965319	8,27	77,3	35,63715143	49,77335852	14,58949006
GPS0216	10/07/2016 10:04	488510,4407	4457836,769	5,1692	2,6075	764,1112	S107	107	Fino	F23	0,809334963	0,667579414	0,459860130	0,078359290	0,010537812	1,259199522	8,19	87,6	33,794214	51,53090122	14,67488478
GPS0215	10/07/2016 10:04	488510,2517	4457836,613	4,9802	2,4511	764,1245	S108	108	Fino	F24	3,339595404	1,197895540	0,172682060	0,011879472	0,010245034	1,789851510	8,19	92,6	35,98947462	50,37971311	13,63081228
GPS0214	10/07/2016 10:04	488510,0282	4457836,466	4,7567	2,3044	764,1155	S109	109	Fino	F25	4,903627798	2,205113135	1,123972902	0,109860289	0,013261881	2,709030541	8,30	144,6	37,52596559	44,11983604	18,35419837
GPS0228	10/07/2016 10:08	488514,9274	4457839,417	9,6559	5,2551	764,3326	S110	110	Regular	R49	0,809814664	0,363175176	0,382952533	0,079174370	0,011975788	0,816011855	8,37	92,0	30,70090708	54,30503281	14,99406011
GPS0227	10/07/2016 10:08	488514,1955	4457838,955	8,924	4,7928	764,3486	S111	111	Regular	R50	0,090561247	0,464185296	0,231130443	0,058454866	0,011395909	0,847202795	8,28	94,2	38,92443733	48,66582239	12,40974027
GPS0226	10/07/2016 10:07	488513,259	4457838,343	7,9875	4,1808	764,3332	S112	112	Regular	R51	0,104057450	0,629322920	0,394298630	0,074321504	0,011446751	1,086934844	8,25	102,2	40,9879039	48,29888147	10,71321463
GPS0225	10/07/2016 10:07	488512,462	4457837,744	7,1905	3,582	764,3006	S113	113	Regular	R52	0,186493261	0,599910821	0,434219909	0,083413212	0,012597531	1,001601088	8,11	99,8	36,05405165	49,83122738	14,11472097
GPS0224	10/07/2016 10:07	488511,6874	4457837,229	6,4159	3,0671	764,2194	S114	114	Regular	R53	0,250936782	0,242399732	0,658871328	0,126801288	0,012237604	0,938247595	8,29	82,8	31,5523634	55,00543949	13,44219711
GPS0219	10/07/2016 10:05	488510,822	4457836,713	5,5505	2,5514	764,2125	S115	115	Regular	R54	0,653143874	0,308633500	0,425480450	0,058213872	0,011060310	1,094415009	8,15	86,1	39,1925521	50,5943652	10,2130827
GPS0218	10/07/2016 10:05	488510,552	4457836,552	5,2805	2,3902	764,23	S116	116	Fino	F26	0,723427540	0,459817209	0,530421555	0,076547675	0,009752413	1,615486790	8,12	102,1	40,56573378	48,54622418	10,88804204
GPS0217	10/07/2016 10:05	488510,3509	4457836,425	5,0794	2,2634	764,2384	S117	117	Fino	F27	1,209004376	0,978764913	0,233370564	0,016760086	0,013577411	2,157713463	8,03	124,9	36,80030215	52,2811344	10,91856345
GPS0212	10/07/2016 10:03	488510,1366	4457836,288	4,8651	2,1266	764,1913	S118	118	Fino	F28	2,637410692	1,576148614	1,238261943	0,113475457	0,012446626	3,111028829	7,89	173,2	33,06085276	46,22766196	20,71148528
GPS0211	10/07/2016 10:03	488509,9534	4457836,172	4,6819	2,0104	764,1339	S119	119	Regular	R55	1,670667731	0,819266498	1,261291863	0,192992280	0,008625834	1,608801511	8,06	119,3	35,79023388	50,05499694	14,15476918
GPS0208	10/07/2016 10:02	488509,1067	4457835,565	3,8352	1,4028	764,0759	S120	120	Regular	R56	0,473380127	0,394379178	0,944486064	0,168011685	0,009910695	1,135957747	8,09	105,6	36,18387434	53,25490457	10,56122109
GPS0220	10/07/2016 10:06	488510,7124	4457836,311	5,4409	2,1496	764,2553	S121	121	Fino	F29	0,384902340	0,494981291	0,431401905	0,101929911	0,007443384	1,107031788	8,14	103,0	38,25006109	50,42432186	11,32561704
GPS0221	10/07/2016 10:06	488510,5109	4457836,202	5,2394	2,0404	764,2924	S122	122	Fino	F30	0,911550788	0,703812191	0,521484475	0,109708806	0,010691169	1,156281039	8,19	109,2	41,58066057	48,4018975	10,01744193
GPS0213	10/07/2016 10:04	488510,2682	4457836,095	4,9967	1,9337	764,2933	S123	123	Fino	F31	0,605402227	0,812610016	0,991203230	0,142056917	0,012142775	1,689788397	8,08	123,3	35,89460919	46,28706868	17,81832213
GPS0229	10/07/2016 10:08	488515,5978	4457839,241	10,3263	5,0792	764,5283	S124	124	Borde	B22	0,217322892	0,596256207	0,177132213	0,054725392	0,010044804	0,882761291	8,19	97,6	37,89371938	43,96546935	18,14081127
GPS0230	10/07/2016 10:09	488514,8111	4457838,713	9,5396	4,5513	764,5291	S125	125	Aleatorio	A16	0,364303033	0,517378890	0,431914402	0,079028740	0,013648234	1,019990327	8,17	99,1	40,23071457	48,38455389	11,38473154
GPS0231	10/07/2016 10:09	488513,9886	4457838,225	8,7171	4,0629	764,4656	S126	126	Aleatorio	A17	0,184907320	0,281036462	0,467999241	0,092474208	0,012623474	0,770237628	8,16	111,6	37,09460205	49,5959819	13,30941605
GPS0223	10/07/2016 10:06	488511,4595	4457836,537	6,188	2,3754	764,336	S127	127	Aleatorio	A18	0,304701361	0,250676893	0,396920769	0,084846852	0,010732445	0,907872269	8,19	117,3	35,48494612	52,92967448	11,5853794
GPS0222	10/07/2016 10:06	488510,6848	4457836,051	5,4133	1,8891	764,3327	S128	128	Aleatorio	A19	0,587364667	0,550799013	0,355527844	0,062737014	0,012127835	1,230918932	8,08	123,3	40,04354975	49,75669911	10,19975114
GPS0209	10/07/2016 10:03	488509,7735	4457835,47	4,502	1,3081	764,2309	S129	129	Aleatorio	A20	0,234322454	0,305376806	0,414936252	0,063940441	0,011954142	1,390578900	8,16	118,7	33,92224972	48,58893118	17,4888191
GPS0210	10/07/2016 10:03	488508,8999	4457834,847	3,6284	0,6856	764,2016	S130	130	Borde	B23	0,577713780	0,744103242	0,418975490	0,053174848	0,009112311	1,775477542	8,11	131,1	35,32868282	47,33965743	17,33165974
GPS0232	10/07/2016 10:09	488515,4794	4457838,627	10,2079	4,4655	764,6332	S131	131	Regular	R57	0,188145223	0,340465619	0,459903643	0,111175877	0,006394200	0,856514774	8,23	111,1	37,03995823	51,60243948	11,35760228
GPS0235	10/07/2016 10:10	488514,7032	4457838,086	9,4317	3,9245	764,6453	S132	132	Regular	R58	0,348937810	0,318159805	0,391114619	0,095827407	0,010030741	0,855732530	8,22	116,9	39,39848288	48,94101445	11,66050267
GPS0237	10/07/2016 10:11	488513,8393	4457837,537	8,5678	3,3749	764,5739	S133	133	Regular	R59	0,378465774	0,394424842	0,250230647	0,071598412	0,009277161	0,653682052	8,23	105,3	42,15677561	47,37040905	10,47281534
GPS0239	10/07/2016 10:12	488513,0117	4457836,964	7,7402	2,8022	764,5724	S134	134	Regular	R60	0,362685644	0,319681997	0,516769087	0,101920344	0,009131614	0,818127154	8,24	96,5	40,24170795	48,60484749	11,15344456
GPS0241	10/07/2016 10:12	488512,1411	4457836,467	6,8696	2,3054	764,5757	S135	135	Regular	R61	0,694917730	0,856613019	0,899302181	0,090073191	0,010492791	1,871273338	8,11	117,9	34,78729312	53,37887371	11,83383317
GPS0243	10/07/2016 10:13	488511,2837	4457835,896	6,0122	1,7347	764,4658	S136	136	Regular	R62	0,455000324	1,071747467	0,867243332	0,119086325	0,012533042	2,212107696	8,04	132,7	36,06104169	48,70507575	15,23388256
GPS0245	10/07/2016 10:13	488510,4232	4457835,313	5,1517	1,1511	764,4031	S137	137	Regular	R63	0,374230162	0,328323603	0,083488500	0,013869456	0,010804791	1,182085476	8,13	125,6	38,6205901	51,58517762	9,794232285
GPS0247	10/07/2016 10:14	488509,5392	4457834,753	4,2677	0,5911	764,3658	S138	138	Regular	R64	0,957936140	0,500070790	1,510480801	0,188915701	0,016677973	2,294189416	8,05	148,6	34,19509595	48,5729833	17,23192075
GPS0233	10/07/2016 10:10	488516,0826	4457838,419	10,8111	4,2572	764,8541	S139	139	Borde	B24	0,730194106	0,417791682	0,484252734	0,074188113	0,020173719	1,325946210	8,04	142,8	43,76346953	47,23277567	9,003754805
GPS0234	10/07/2016 10:10	488515,3169	4457837,97	10,0454	3,808	764,7998	S140	140	Borde	B25	0,255528158	0,301241615	0,468730875	0,098687764	0,011369912	0,752766196	8,11	117,4	38,78462119	50,31206272	10,90331608
GPS0236	10/07/2016 10:11	488514,4533	4457837,462	9,1818	3,3003	764,7335	S141	141	Borde	B26	0,275642625	0,279703904	0,477808846	0,104682005	0,009839004	0,684250171	8,14	109,6	39,07493534	50,42790068	10,49716398
GPS0238	10/07/2016 10:11	488513,6469	4457836,866	8,3754	2,7039	764,6992	S142	142	Borde	B27	0,303286828	0,383631166	0,575737263	0,075132760	0,010493226	1,217199768	8,09	123,8	41,28043162	48,20768437	10,51188401
GPS0240	10/07/2016 10:12	488512,8059	4457836,313	7,5344	2,1513	764,6848	S143	143	Borde	B28	1,372302879	0,301352144	0,718265935	0,121720666	0,015355317	1,032460629	8,09	148,4	40,58785006	48,2279029	11,18424704
GPS0242	10/07/2016 10:13	488511,9342	4457835,772	6,6627	1,6106	764,6943	S144	144	Borde	B29	0,342048594	0,377803019	1,207136760	0,186030470	0,009756894	1,504721571	8,14	114,2	37,51235164	50,21483529	12,27281307
GPS0244	10/07/2016 10:13	488511,121	4457835,251	5,8495	1,0897	764,5633	S145	145	Borde	B30	0,672223408	0,740464843	0,175191142	0,020591723	0,011094272	1,621162784	8,12	106,3	40,15151515	48,66591131	11,18257354
GPS0246	10/07/2016 10:14	488510,2664	4457834,691	4,9949	0,5297	764,556	S146	146	Borde	B31	0,587361971	0,540259668	0,140695180	0,023110935	0,009894767	1,775084850	8,10	110,9	38,34884599	51,29395562	10,35719839
GPS0248	10/07/2016 10:14	488509,4377	4457834,162	4,1662	0	764,4373	S147	147	Borde	B32	0,548356048	0,739824766	0,048116107	0,007790511	0,012377861	1,804737875	7,81	304,0	36,52553577	45,12448479	18,34997945
